9791040803560
9782075212724
9791040123378
9782017371014
9782874263866
9782211348355
9791037515384
9782374082240
9782383225072
9791040808497
9782075222051
9782375541234
9791039575119
9782377421497
9782377422821
9782203275966
9782075166317
9791036382529
9791036382345
9782021060119
9782266355278
9782748539530
9782278132119
9782408013998
9782070666966
213280041001
9782352895763
9782014002478
9782081248007
9782013938600
9782733868348
9782731618099
9782374251912
9782745977212
9782745946188
9782368362495
9782383559733
9782075207256
9782762146219
9782075230841
9782075229456
9782100882946
9782095045821
9782408028268
9782211324137
9782211351454
9782075233552
9782378623593
9782100848522
9782377316090
9782355048036
9781805319634
9782095027674
9782408063429
9782700509755
9782408046354
9782408063436
9782357961258
9782357961494
9782075126939
9791036356292
9782413019671
9782344068564
9782205214826
9782810209637
9782357961432
9782413041047
9782413093459
9782847894776
9782344074060
9791039563529
9782302107595
9782487663404
9782918857075
9782075226349
9782226501394
9791023523201
9791036386084
9782211346153
9782324039119
0811503331
1034753331
0962353331
1013843331
1054913331
1054903331
1055003331
1041783331
1042353331
1055143331
1037323331
1037453331
1037343331
1037383331
1037373331
1037423331
1037393331
1037403331
1055123331
1055173331
1055133331
0813543331
1013883331
1055103331
1055093331
1055043331
1055023331
1055113331
1037443331
1055033331
1054953331
1037333331
1037463331
1037483331
1037473331
1037543331
1054943331
1054923331
1054933331
1054973331
1055163331
1055013331
1054743331
1054773331
1054763331
1054483331
1054733331
1037433331
1054753331
1054473331
1054463331
1055053331
0784013331
0728973331
0844203331
9782211071079
9782915569575
0389873331
0595613331
0472743331
0749263331
0848603331
0950013331
0596803331
0748823331
0858623331
0866593331
0779743331
0416193331
0857033331
0755143331
0596663331
0811673331
0908623331
0693553331
0737903331
0813993331
0474053331
0771303331
0771373331
0861103331
0806363331
0967213331
0775403331
0655463331
0678403331
0674353331
0811413331
1006543331
0841693331
0798963331
0593983331
0596683331
0885213331
0667233331
0554383331
0946323331
0463823331
0719433331
0783463331
0935243331
0595933331
0696703331
0517663331
0771823331
0647693331
