9782266214070
9782266196529
9782266172387
9782266185615
9782266189712
9782203057791
9782203047860
9782017168690
9782017168836
9782017252627
9782800130033
9782800130064
9782800128283
9782800130095
9782800130101
9782800128313
9782800130125
9782800130132
9782800130149
9782800130156
9782895432265
9782895432296
9782895433088
9782895433101
9782895433118
9782895433286
9782895433293
9782895433309
9782895433316
9782895433910
9782914855396
9782374160061
9782823107661
9782205071153
9782266148238
9782266148269
9782266148276
9782884714785
9782203009103
9782203009073
9782203026551
9782818994184
9791041115051
9791041116386
9782818983232
9782818976494
9782818900109
9791041106509
9782818966372
9782818976432
9791041107780
9791041107797
9791041116638
9791041116645
9791041118014
9791041118021
9782818975985
9782818975992
9782818979822
9782818979839
9782818989593
9782818989609
9782818998717
9782818998724
9791041104031
9791041104048
9782818900130
9782344058084
9782884806992
9782884807258
9782884807586
9782203358133
9782203358157
9782203358164
9782203358171
9782011853196
9782211203364
9782211206648
9782818987933
9782818998816
9782818926086
9782818998823
9782818933527
9782818934531
9782818940266
9782818942581
9782818946916
9782745929273
9782081207424
9782081264045
9782081285590
9782871279341
9782081298927
9782081298934
9782081306547
9782081306585
9782081306615
9782081332928
9782081342019
9782081373297
9782081481701
9782081263994
9782081284760
9782081285491
9782081341982
9782081310766
9782081391765
9782081415164
9782081511798
9782075120807
9782812621208
9782732470658
9782012031890
9782266293228
9782749940601
9782749924304
9782266318501
9782747053549
9782747046886
9782747034531
9782747033183
9782747028530
9782266183192
9782266179829
9782266179836
9782266118880
9782266173483
9782266163583
9782266164740
9782266169271
9782226173874
9782226327529
9782081351370
9782081370661
9782081370647
9782081370654
9782081415249
9782747020350
9782747021852
9782747023269
9782747023276
9782401024199
9782401032590
9782401043213
9791035506926
9791035507220
9791035507398
9791094229965
9791094229958
9791035507039
9791035507176
9791035507343
9782700251067
9782748538915
9782075217996
9782330152444
9782362664335
9782377316953
9782211346689
9782330183912
9782889860739
9782919511662
9791023514476
9782211308441
9791023521207
9782378625313
9781836068792
9782322506446
9782361938079
9782889860722
9791092304954
9782812627422
9782278131969
9782371651296
9791023520774
9791040808077
9782493290946
9791022609012
9791035209131
9782362293757
9782494230194
9781806073764
9782874266041
9782494230064
9791096163175
9791040807605
9782822230056
9782386690273
9782361937522
9782889085019
9782355048265
9782352894865
9782344065143
9782330124519
9791035208479
9782355048081
9782352902850
9782278128648
9782352634836
9782330153472
9782330132576
9782226491398
9782344042786
9791035203863
9782367408811
9782355582233
9782901000709
9791035208363
9782075127134
9791091837248
9782372730815
9782011001030
9782732486345
9782352896289
9782330217723
9782889085491
9782330200565
9782807702110
9782226464361
9782493290939
9791095456544
9782362293764
9782493290922
9782266315593
9791023516593
9782361938314
9782357960619
9791023514247
9791035205393
9781836068846
9782092493014
9781836068129
9782378625320
9782278131013
9782494230200
9782352902355
9782352841999
9782408054199
9782362901690
9791035208813
9782874266430
9782330141769
9782075148832
9782748526745
9782372731232
9782889085606
9782278097838
9782352904441
9791096163151
9782748538397
9782330141233
9782490015313
9782822234214
9782898431746
9782226501271
9782919511778
9782266346023
9782372731768
9782355047985
9782875720658
9791023511925
9782075173612
9791023521887
9782378013264
9782362667329
9782378210373
9782700282597
9782361936884
9791036364877
9782226457417
9782745974990
9782374086651
9782362664403
9782494740020
9782354817145
9782360121243
9782362664373
9782226318657
9791092058734
9782366243529
9782360120710
9782226478450
9782266321808
9782374252124
9791035207755
9782917371299
9782352634218
9782215173021
9782215179771
9782360121748
9782490074754
9782354816971
9782383870999
9782211236973
9782075125956
9782360121120
9782354817077
9782354817121
9782352904243
9782211318273
9782957170050
9782354817114
9782700284973
9782075135115
9782842609306
9782203254893
9782379623134
9782215161851
9782494182011
9782354817152
9782354817039
9782808211031
9782344046487
9782359908558
9781803709680
9782205203325
9782205208214
9782352633808
9788896045558
9782330125752
9782889086610
9782360120963
9782360120727
9782354817015
9782354817022
9782360121564
9782492768842
9782355043703
9782354817046
9782352895114
9782491231088
9782070648535
9782383222033
9782075156806
9782075178853
9782494753136
9782749949925
9782092594155
9782317027512
9782360121458
9782075091237
9782075091244
9782075091251
9782075229999
9782075237543
9782226324658
9782226493453
9782075155120
9782211093163
9782211069052
9782211335768
9791040122050
9782211075053
9782070623242
9782070601578
9782203192188
9782203192195
9782211019125
9782211346108
9782211352260
9782211078962
9782211221719
9782075244602
9782010009037
9782211037457
9782075236379
9782080160478
9782080160522
9782075085731
9791036313714
9782812628528
9782211350174
9782266270236
9782266270243
9782266272674
9782266293815
9782266293822
9782266305372
9782266331982
9782266339414
9782266346542
9782211238151
9782211061773
9782075187541
9782075187596
9782075187640
9782075187695
9782075187749
9782075187794
9782075187848
9782080158079
9782211208956
9791037515643
9782266260770
9782266337182
9782266260787
9782266260794
9782075234047
9782266358668
9791037512239
9782075155441
9782075197922
9782075214261
9791023517781
9791023521429
9782211012461
9782070639793
9782211086738
9782203300170
9782266203227
9791037501271
9782266270854
9782330194178
9782211344449
9791036317699
9791036317705
9791026401667
9782075238786
9782075196925
9782075220552
9782075241441
9782211307482
9782075215466
9782075215510
9782075215565
9782075215619
9782211346641
9782700238938
9782266200462
9782266146722
9782070577071
9782330217662
9782211208765
9782747049030
9782070612987
9782211085595
9782211351744
9782330220297
9782070612765
9782378882693
9782211349659
9782211348959
9782075134040
9782488813020
9782494678736
9782494678743
9782211346818
9782211321945
9782211314305
9782211314404
9782211340335
9782075196970
9782075233460
9782266153461
9782266341912
9782211058513
9782211016100
9782075237680
9782075237611
9782075234603
9782017038177
9782075229005
9782494678002
9782494678774
9782211348928
9782266283304
9782075099110
9782073112194
9782364744769
9782075219112
9782070666324
9782211058780
9791040806424
9791037513007
9782070601592
9782211346542
9782211346511
9782264088505
9782070629459
9782070629466
9782075240109
9782211351126
9782364743403
9782075234627
9782070630431
9782812628115
9782075236324
9782808509954
9782203166707
9782203166714
9791041118366
9782344063422
9782818909782
9782818923955
9782818931035
9782818933459
9782818936108
9782818941683
9782723444927
9782203040953
9791041118564
9782266293747
9782266331456
9791039101493
9782372875998
9782845382732
9782845382985
9782845383395
9782845384378
9782845385030
9782353259953
9782353484966
9782386707797
9782386701771
9782386701788
9782386701795
9782353481484
9782353481859
9782353481972
9782353482085
9782353482276
9782353482443
9782383164838
9782383165620
9782386707902
9782075166263
9782075208888
9782353484416
9782211216166
9782810211982
9791033517207
9791033530626
9782380230932
9782380231014
9782902487837
9782902487776
9782902487912
9782809413663
9782809414530
9782383161714
9782386707308
9782386700705
9782386700712
9791035508661
9791035509125
9782749950952
9782749950969
9782749950976
