9782075229999
9782075237543
9782226324658
9782226493453
9782075155120
9782211093163
9782211069052
9782211335768
9791040122050
9782211075053
9782070601578
9782203192188
9782203192195
9782211346108
9782211352260
9782211019125
9782211078962
9782211221719
9782075244602
9782070623242
9782010009037
9782211037457
9782075236379
9782080160478
9782080160522
9782075085731
9791036313714
9782812628528
9782211350174
9782266270236
9782266270243
9782266272674
9782266293815
9782266293822
9782266305372
9782266331982
9782266339414
9782266346542
9782211238151
9782211061773
9782075187541
9782075187596
9782075187640
9782075187695
9782075187749
9782075187794
9782075187848
9782211208956
9791037515643
9782266337182
9782266260787
9782266260794
9782080158079
9782075234047
9782266358668
9791037512239
9782075197922
9782075214261
9791023517781
9791023521429
9782211012461
9782070639793
9782211086738
9782266203227
9791037501271
9782203300170
9782266270854
9782330194178
9782075238786
9782075215466
9782075215510
9782075215565
9782075215619
9782330217662
9782211344449
9791036317699
9791036317705
9791026401667
9782075220552
9782075241441
9782211307482
9782211346641
9782700238938
9782266200462
9782266146722
9782070577071
9782211208765
9782330220297
9782075134040
9782747049030
9782070612987
9782211351744
9782211085595
9782070612765
9782378882693
9782211349659
9782211348959
9782488813020
9782266153461
9782266341912
9782494678736
9782494678743
9782211346818
9782211314305
9782211314404
9782211340335
9782211321945
9782075196970
9782075233460
9782211058513
9782211016100
9782075237680
9782075237611
9782075234603
9782075229005
9782494678774
9782494678002
9782211348928
9782266283304
9782075099110
9782073112194
9782364744769
9782075219112
9782070666324
9782211058780
9791040806424
9791037513007
9782070601592
9782211346542
9782211346511
9782264088505
9782070629459
9782070629466
9782075240109
9782211351126
9782364743403
9782075234627
9782070630431
9782812628115
9782075236324
9782075091237
9782075091244
9782075091251
9782266260770
9782075155441
9782075196925
9782017038177
