9782723470292
9782723470285
9782723470278
9782723470261
9782723450294
9782723450300
9782723450317
9782723453776
9782723453783
9782820302847
9782820303226
9782820303677
9782820304155
9782820304780
9782820305435
9782820305749
9782820307088
9782820307545
9782820315489
9782820315670
9782820315847
9782820315946
9782820317308
9782820317681
9782820318824
9782820327048
9782820319975
9782820320131
9782820320414
9782820322289
9782820321817
9782820322876
9782820323439
9782820324580
9782820324795
9782820325082
9782820325327
9782355929489
9782355929472
9782355929724
9782355929885
9791032700051
9791032700068
9791032701508
9791032702253
9791032702451
9791032702727
9791032703120
9791032703281
9791032703755
9791032704028
9791032704257
9791032704820
9791032705018
9791032705780
9791032706084
9791032706473
9791032706619
9791032706770
9791032707470
9791032707647
9791032707838
9791032707869
9791032710814
9791032711859
9791032713006
9791032713334
9791032713792
9791032716892
9791032716915
9791032716946
9791032719640
9791032719657
9782871294146
9782871294177
9782871294276
9782871294412
9782871294917
9782871295112
9782871295358
9782871295525
9782871295990
9782871296249
9782871296355
9782871296461
9782505001522
9782505001676
9782505001928
9791032710821
9782505002796
9782505002963
9782505003236
9782505003786
9782505004325
9782505004172
9782505005285
9782505005582
9782505005995
9782505007111
9782505007548
9782505007883
9782505008699
9782505008705
9782505008712
9782505009566
9782505009924
9782505010616
9782505011156
9782505014287
9782505014867
9782505015529
9782505017653
9782505018421
9782505018438
9782505019596
9782505061656
9782505061663
9782505061670
9782505061908
9782505063568
9782505065050
9782505065067
9782723488525
9782723489904
9782723489942
9782723489959
9782723492553
9782723494823
9782723494816
9782723494830
9782723494847
9782723494854
9782723494861
9782723498593
9782723498609
9782723498609
9782723498616
9782723498623
9782723498630
9782723498647
9782723498654
9782723498661
9782723498678
9782344001868
9782344001851
9782723498685
9782344001929
9782344001936
9782344001943
9782344001950
9782344001967
9782344001981
9782344001998
9782723487689
9782723487696
9782723487702
9782723493062
9782723493260
9782723496766
9782723495738
9782723498234
9782723499347
9782344004319
9782344006450
9782344006597
9782344008393
9782344008423
9782344017470
9782344037102
9782344038819
9782344041451
9782344042632
9782368522257
9782368522646
9782368522653
9782368528730
9782368529249
9782368529256
9782368529270
9782380711271
9782380711288
9782380711295
9791042014292
9791042014889
9791042018634
9791042021658
9782811616168
9782811616540
9782811618209
9782811619190
9782811619206
9782811621711
9782811621728
9782811622992
9782811628956
9782811628970
9782811630928
9782811632250
9782811632267
9782811634155
9782811634162
9782811634179
9782811635626
9782811635633
9782811644673
9782811645687
9782811645724
9782811649258
3633911652241
9782811643423
9782811638009
9782811640101
9782811640118
9782811654382
9782811657345
9782811660086
9782811663674
9782811666385
9782811668167
9782811669652
9782811673512
9782811677855
9782811680381
9782811684853
9791043300134
9782811692384
9782811694593
9782811687106
9791043303098
9791043307638
9782811610739
9782811610166
9782811609436
9782811606978
9782811606312
9782811606008
9782811605605
9782811605278
9782811604981
9782811604592
9782811604295
9782811604035
9782811603717
9782811603342
9782811603038
9782811602680
9782811602307
9782811601980
9782811601348
9782811601041
9782811600761
9782811600433
9782811600143
9782845999855
9782845999435
9782845999121
9782845998742
9782845998476
9782845998247
9782845997950
9782845997738
9782845997479
9782845997257
9782845997042
9782845996892
9782811610333
9782871294085
9782871293408
9782871293392
9782871292609
9782871293361
9782871293378
9782871293385
9782871292586
9782871292579
9782871292142
9782871292135
9782871292128
9782871292111
9782871292098
9782871292081
9782871292074
9782871292067
9782871292050
9782871291824
9782871291800
9782723434621
9782723434645
9782723434652
9782723434669
9782723434676
9782723446877
9782723446884
9782723446907
9782723446914
9782723446938
9782723446945
9782723448352
9782723449243
9782723449175
9782723449182
9782723449199
9782723449205
9782723449212
9782723449229
9782723449236
9782723449250
9782723449250
9782723449274
9782723449281
9782723449298
9782723449304
9782723449311
9782723449328
9782723449335
9782723449342
9782723449359
9782723449366
9782723450294
9782723450300
9782723450317
9782723453776
9782723453783
9782723453790
9782723453806
9782723453813
9782723453820
9782723453837
9782723457996
9782723458115
9782723458184
9782723465106
9782723465113
9782723465120
9782723466301
9782723466318
9782723466325
9782723470261
9782723470278
9782723470285
9782723470292
9782845999145
9782811632946
9782811634889
9782811635916
9782845999459
9782845999749
9782845999879
9782811600174
9782811600440
9782811600785
9782811602000
9782373495188
9782373495096
9782373494891
9782373494631
9782373494594
9782373494341
9782373493962
9782373493726
9782373493726
9782871292692
9782871292685
9782871292708
9782871293217
9782871293224
9782871293231
9782871293248
9782871293255
9782871294023
9782871294153
9782871294290
9782871294429
9782871295365
9782871295624
9782871296850
9782871297277
9782871297819
9782505019336
9782505019343
9782505060130
9782505070931
9782373497946
9782384960101
9782918857815
9782373493160
9791036324888
9782373493559
9782373493566
9782373497953
9782373493146
9782373493139
9782373493153
9782384960361
9782747099202
9782747083911
9791036310171
9782373494051
9782373494099
9782373499964
9782373498301
9782373496543
9782373491159
9782373490077
9782373490039
9782918857778
9782918857600
9782918857617
9782373491463
9782373494600
9782373494686
9782373492668
9791036324888
9782379501135
9782379501128
9782379501111
9782379501104
9782379501098
9782379501081
9782379501074
9782379500695
9782379501371
9782373496727
9782373496710
9782373496703
9782373496697
9782373496680
9782810207756
9782373491364
9782373491371
9782373491388
9782373491395
9782373494716
9782379501357
9782373490794
9782344028810
9782373495027
9782373494860
9791032712191
9782505066293
9782915517910
9782302043749
9782505005483
9782505005643
9782505005735
9782505007012
9782505007326
9782505016267
9782505115281
9782373494778
9782811626990
9782811627515
9782811630515
9782811637736
9782811637743
9782811637750
9782811637767
9782811637774
9782723483636
9782723483643
9782723486354
9782723491938
9782723497503
9782344010754
9782373495522
9782373495539
9782871299202
9782871299387
9782351426388
9782351426395
9782351426401
9782351426418
9782351426425
9782351427019
9782351427026
9782351427033
9782351428320
9782952450959
9782952450966
9782916739007
9782916739052
9782916739274
9782916739342
9782916739397
9782916739564
9782373492767
9782373496666
9782373492750
9782302075603
9782373493122
9782302042575
9782351420713
9782379501364
9782384963270
9782372870047
9782505063834
9782505063841
9782505063858
9782505063865
9782505063865
9782372870191
9782372871389
9791032702840
9791032703236
9782918857471
9782918857655
9782918857747
9782918857983
9782344003503
9782344005699
9782344007921
9782302102101
9782810207763
9782302043251
9782302043732
9782302046009
9782302046887
9782302048195
9782302048935
9782302051072
9782302056152
9782302054042
9782302100237
9782302099050
9782302096066
9782373494235
9791032712184
9791032712177
9791032712153
9791032712146
9791032712764
9782351420720
9782351420737
9782302091863
9791032704387
9791035508494
9782810207770
9782810207817
9782810207718
9782344064351
9782382127384
9782871297826
9782871297833
9782871298007
9782871298212
9782871298946
9782871298380
9782820332233
9782373499667
9782373492279
9791042015053
9791042015176
9791042018771
9782373497816
9782820340801
9782820340818
9782820340979
9782820343468
9782820343543
9782820343734
9782820343833
9782820343963
9782820346001
9782820346124
9782820346247
9782373496581
9782373496598
9782384961894
9782384961917
9782384961931
9782384961955
9782820344663
9782368524763
9782368524770
9782368526262
9782368526279
9782368526781
9782368526798
9782368527214
9782368527405
9782368528426
9782368529201
9782368529218
9782368529225
9782368529232
9782380711431
9782380711448
9782302095236
9782302095007
9782302095014
9782302098312
9782302099111
9782377171521
9782377171538
9782377171798
9782377171941
9782377172245
9782377172511
9782723493499
9782723493505
9782723493512
9782344000052
9782723499408
9782723499415
9782344002902
9782811618124
9782811619060
9782811618131
9791042014773
9782811619077
9782811621568
9782811621575
9782811623845
9782811627133
9782811627362
9782811630058
9782811630959
9782811631352
9782811631369
9782811633899
9782811633905
9782811633912
9782811636081
9782811637927
9782811638214
9782811650889
9782811654030
9782811671631
9782369740537
9782369740711
9782369741121
9782369742791
9782382124291
9782759507504
9782759507511
9782759507528
9782759507535
9782759507542
9782380712315
9782380713060
9782380713077
9782380713084
9782380714838
9782380715019
9782380713091
9782380713107
9782380713107
9791042013998
9791042014179
9791042014551
9791042018948
9791042018955
9791032716656
9791032716663
9791032716670
9791032716687
9791032719480
9791032719763
9782759505531
9782759505548
9782759505555
9782759505562
9782759505579
9782759505593
9782759505609
9782369741497
9782369741886
9782369741978
9782369742289
9782369742869
9782369742968
9782413010494
9782369748830
9782413010500
9782413010517
9782413010524
9782810208715
9782810208647
9782810209392
9782302099616
9782302099890
9782302099975
9782302099982
9782302099999
9782302100169
9782302100176
9782302100183
9782302101661
9782818994139
9782818994993
9782818998748
9791041103539
9782820332431
9782820332615
9782820332844
9782820332950
9782820335234
9782820335371
9782820335517
9782820335715
9782820335814
9782820335982
9782820337795
9782820337955
9782820338129
9782820338297
9782820338501
9782820338679
9782820340597
9782820340764
9782820340269
9782413090250
9782505113973
9782505121299
9782505121657
9782505126331
9782505126348
9782505133520
9782505117964
9782505117971
9782505121329
9782373496413
9782373496451
9782373496468
9782373499933
9782384961795
9782384961818
9782384960415
9782384960491
9791033510956
9782359104868
9782359105056
9782359108620
9782359109665
9791033500964
9791033509837
9791033512486
9791033511878
9791033514084
9791033514060
9782344025307
9782344026199
9782344027622
9782344028803
9791033509769
9782382120361
9782369747970
9782369747390
9782369743316
9782385314538
9782385314545
9782385314552
9782385691974
9782385692551
9791032707333
9791032711958
9791032716816
9782302100374
9782302100466
9782302100381
9782505116639
9782505119456
9782505121305
9782505121312
9782505125006
9782505126409
9782505126416
9782505130970
9782505132769
9782382120446
9782302102668
9782344048788
9782344050101
9782344051665
9782344052624
9782344054130
9782344055878
9782344055885
9782344057865
9782344059012
9782344059029
9782344071496
9782369741480
9782382124925
9782382126967
9782385313494
9782385314279
9782385691912
9782382124703
9782380710250
9782380711479
9782380711509
9782380715378
9791042014025
9791042014704
9791042018726
9791042018733
9782372871792
9782372872232
9782372872850
9782372873376
9782372873772
9782372874878
9782382880791
9782382880913
9782413075424
9782413076469
9782382882108
9782382882931
9782382124697
9782382125007
9782382126172
9782902487097
9782902487080
9782902487073
9782902487110
9782902487134
9782902487271
9782902487356
9782902487363
9782902487370
9782902487424
9782902487622
9782902487646
9782902487639
9782505011835
9782505011842
9782505012399
9782505012726
9782505014034
9782756015118
9782756015231
9782756015248
9782756017631
9782756017648
9791033509646
9791033505457
9791033504870
9791033504504
9782373492361
9782373492408
9782811682590
9782811684297
9782811688127
9782811688134
9782302100725
9782302100732
9782809463620
9782809464412
9782809465716
9782809467154
9782809470321
9782811663698
9782811663728
9782811664220
9782811664305
9782811664312
9782811664329
9782811678951
9782811690199
9782811680459
9782811680466
9782811686581
9782811690182
9782811692421
9782382127377
9782811635794
9782811636456
9782811638160
9782811638221
9782811642198
9782811644192
9782811645656
9782811646790
9782811665166
9782811665661
9782384960194
9782384964727
9782384966752
9782384963225
9782756016658
9782756018218
9782756019598
9782756020174
9782809455908
9782809456769
9782809457261
9782809460643
9782809462616
9782809464085
9782809465747
9782809468786
9782809471052
9782809473254
9782809464429
9782809467383
9782809473810
9782809479102
9782809489422
9782809495423
9791039106566
9791039115490
9791039124348
9791035503673
9791035503680
9791035503741
9791035503758
9791035504915
9791035505059
9791035505202
9791035505387
9791035505516
9791035505721
9791035506582
9791035506711
9791035506896
9782505076704
9782505076711
9782505084549
9782505088943
9782505088950
9791033517177
9791033530480
9791033505402
9782382754573
9782382754580
9782382754597
9782382754603
9782386585302
9782811682941
9782811682958
9782811682965
9782811682972
9782811682989
9782811682996
9782505066873
9782505066880
9782505066897
9782505068648
9782373493597
9782373494372
9782373495089
9782373496000
9782373497335
9782373499315
9782373492002
9782373492019
9782373492880
9782373492965
9782373492972
9782505019459
9782505060055
9782505060413
9782505060420
9782505060437
9782505061724
9782505063322
9782505062653
9782505064374
9782505064381
9782505064893
9782505064909
9782505065449
9782505068839
9782505068846
9782505068853
9782505069577
9782355926914
9782355927331
9791035501686
9791035501914
9791035502522
9782811638771
9782811640897
9782811643942
9782811648268
9782811659134
9791043301773
9782818966099
9782818967508
9782818967676
9782818974971
9782818974988
9782505072454
9782505072461
9782505072478
9782364810877
9782505008262
9782505008279
9782505009634
9782505009887
9782505011699
9782505012412
9782505049685
9782505014379
9782505014799
9782505015475
9782505016847
9782505017271
9782505017288
9782505017295
9782505060062
9782505060444
9782505060451
9782505060468
9782505017196
9782505017202
9782505017219
9782505017226
9782505017233
9782811661281
9782811661298
9782811661304
9782811667115
9782811668754
9782811677176
9782811677183
9782811677312
9782811679941
9782811679958
9782811679965
9782811696535
9782811696559
9782811693893
9782811696733
9782413078616
9782413078623
9782413080695
9782413080701
9782413080718
9782413086512
9782368527115
9782505064749
9782373499193
9782373494174
9782373494167
9782353259335
9782353259519
9782353259670
9782359103120
9782359103144
9782359103823
9782359104561
9782359104752
9782359105193
9782359105216
9782379501999
9782379502019
9782379502033
9782818994801
9791039109734
9791039111058
9791039103077
9782809482324
9782809476132
9782809476903
9782809477542
9782809478181
9782809486612
9782809487206
9782809487565
9782809488289
9782809489750
9782809490084
9782809491616
9782809492491
9782302040908
9782302043152
9782302045934
9782302047068
9782373494211
9782384962532
9782384963072
9782382122273
9782382122280
9782382122297
9782382124147
9782382124178
9782382124437
9782344028032
9782344028049
9782344039687
9782344039694
9782344041833
9782344041840
9782344042991
9782344044179
9782344045404
9782344046623
9782344048252
9782811657789
9782505072584
9782505072591
9782505072607
9782505072614
9782505075394
9782505084501
9782505114864
9782505114871
9782505114888
9782505114895
9782505114901
9782505118350
9782505118817
9782505119500
9782373493092
9782384963065
9782384963263
9782818967553
9782818967706
9782818968482
9782818968499
9782818968505
9782818968512
9782810207787
9782490453054
9791032710845
9791032711125
9791032711262
9791032711897
9791032713105
9791032713204
9791032713419
9791032713662
9791032716076
9791032716090
9791032716113
9791032721216
9782413000778
9782413000785
9782413000792
9782413000808
9782413001676
9782413001683
9782413001690
9782413001706
9782413001713
9782413001720
9782413001775
9782413001782
9782203103993
9782203121621
9782203121638
9782203153622
9782203153639
9782377170807
9782377170852
9782377170968
9782377171194
9782377171415
9782377171705
9791041102150
9791041102167
9791041104208
9791041104215
9791041107223
9782820316585
9782820316615
9782808507547
9791032701256
9791032701447
9791032702222
9791032702789
9791032702819
9782373498479
9782373499063
9782384962853
9782384962884
9782384962907
9782384964192
9782384964215
9782384964222
9782384964239
9782384964246
9782384964253
9782384966608
9782384966622
9782382810439
9782382811108
9782382810453
9782382810507
9782382811474
9782344064368
9782344064375
9782344068724
9782344072219
9782369742197
9782369742319
9782369742456
9782369742784
9782383161332
9782383162384
9782383163626
9782383164555
9791032713440
9791032713556
9791032713877
9791032717110
9791032717134
9791032719329
9791032719336
9791032724675
9782723475525
9782723475532
9782723476386
9782723476515
9782723476522
9782723476539
9782723476546
9782723482271
9782723482288
9782723482295
9782723482301
9782811670382
9782811670399
9782811671037
9782811671044
9782811671051
9782811671068
9782811671075
9782811671099
9782811671105
9782811698096
9782811671129
9782811671112
9782811690366
9782811698744
9791043305252
9782505070719
9782505070726
9782302073975
9782302076433
9782302078017
9791039123235
9791039123471
9791039124355
9791039125505
9791039126625
9791035505547
9791035505769
9791035506612
9791035506759
9791035507077
9791035508425
9782505066866
9782505066941
9782505066958
9782505066965
9782505066972
9782505071327
9782505073994
9782505071334
9782505076117
9782505083108
9782505113720
9782505113737
9782505114574
9782505114581
9782505119180
9782382882542
9791033509295
9791032711484
9782490453078
9782505080916
9782811635473