9782809652932
9782809646047
9782809646061
9782809646054
9782809646023
9782809646078
9782809646085
9782809647181
9782809647266
9782809647648
9782809648669
9782809648843
9782809649024
9782809649437
9782809666298
9782809654264
9782809654851
9782809655872
9782809657654
9782809658149
9782809662085
9782809665079
9782809666106
9782809655865
9782809651706
9782809650976
9782809646856
9782809661958
9782809661927
9782226327611
9782070575701
9791092109443
9782092564431
9782841139491
9782745923431
9782745927965
9782745909077
9782745916907
9782841139149
9782385701253
9782070695249
9782070651863
9782092595053
9782075185370
9782075103824
9782092533901
9782092533932
9782092490402
9782092490402
9782092556269
9782092561713
9782092580189
9782092533956
9782092494967
9782092533925
9782092572351
9782092533918
9782092588499
9782092557952
9782092571231
9782092548998
9782092548943
9782211215374
9782211316347
9782211235761
9782075190909
9782070631773
9782226397614
9782095059620
9782377420001
9782211081047
0514473331
9782211312790
9782330108427
9782700259407
9782494362574
9782226394125
9782036042599
9782070648597
9782747039673
9782812627415
9782494362628
9782266300384
9782080249760
9782075121552
9782377422258
9782747015950
9782747017312
9782747018388
9782747020336
9791036324581
9782747030601
9782747039673
9782747098151
9791036318832
9782747028059
9782747017336
9782747046282
9782747026161
9782747027373
9782747028059
9782747030168
9782747045070
9782747049863
9782747049993
9782747027366
9791036324598
9791036324673
9782747061834
9791036332890
9782747071116
9782211210102
9782266284769
9782700257687
9782036013346
9782092559635
9782080272959
9782266126304
9782700238136
9782700238143
9782700239355
9782700239515
9782070601523
9782070638895
9782210978003
9782075158244
9782081519060
9782012007376
9782211342629
9782012490284
9782012490277
9791023503760
9791023505023
9791023506747
9791023512250
9791023515022
9791023516357
9791023517064
9782092822999
9782745914613
9782070661282
9782266223423
9782266223430
9782266223447
9782266223607
9782266223454
9782266223461
9782266223478
9782266233033
9782266232265
9782266223485
9782266263771
9782211336123
9782330156312
9791040808121
9782812621727
9782745984753
9782700273090
9782700278286
9782700278347
9782700277845
9782700280289
9782700277906
9782700277784
9782700273878
9782700253337
9782211978224
9782745906816
9782745933362
9782075128636
9782745957238
9782745962768
9782745968210
9782745968227
9782408014292
9782745972590
9782745978301
9782745978318
9782745988270
9782745990709
9782408028992
9782278098422
9782070612758
9782266276436
9782732481449
9782732483689
9782732488769
9782732494609
9782732490144
9782732497327
9782203118751
9782745909329
9782377310746
9791040806233
9782848658735
9782377310012
9782377311590
9782377312726
9782377313983
9782377314720
9782377316519
9791040802358
9782736647612
9791040803768
9791040806240
9791040807582
9782745903914
9782211319683
9782278085613
9782012011410
9782075195331
9782070612772
0788363331
9782020300438
9791022610742
9782211304771
9782700278231
9782700278248
9782081243293
9782081244078
9782081288386
9782081265189
9782081286375
9782700235357
9782700257595
9782211072441
9782211209939
9782211306218
812581
787072
9782092826003
9782092826072
9782092826089
9782092504321
9782092504314
9782092506783
9782092506790
9782092506806
9791091081610
9782211308557
9782211215411
9782350002620
9782278120925
9782278120772
9782278100491
9782408004293
9782408004309
9782408004316
9782095043582
9782075097208
9782747032933
9782747028448
9782747036863
9782747032964
9782747059411
9782747032995
9782747034456
9782747059404
9791036310591
9782747088121
9791036304231
9782747033077
9782747059398
9791036310607
9782747072731
9791036305665
9782747033084
9782747033091
9782747033107
9782747034524
9782747039000
9782747033138
9782747071949
9791036304224
9782226250902
9782226470645
9782226403308
9782226140463
9782226140470
9782226140388
9782226140678
9782226140661
9782226321336
9782226153180
9782226153203
9782226153210
9782226153197
9782226156105
9782226139344
9782226156624
9782226173751
9782226172013
9782226173881
9782226183262
9782226189677
9782226189684
9782226192073
9782226193629
9782226193612
9782226209443
9782226220134
9782226240514
9782226247551
9782226252517
9782226255037
9782226318664
9782226403292
9782226440310
9782226440860
9782226394866
9782226247544
9782226245816
9782226250957
9782226252524
9782226255228
9782226249449
9782226257604
9782226315328
9782226315762
9782226321350
9782070610280
9782080479976
9782226403261
9782080479969
9782210977976
9782700233186
9782700237979
9782700239478
9782700247855
9791036326745
9791027608621
9782092515921
9782748520538
9782748517460
9782748517453
9791036345029
9782700277364
9782747061773
9791036337222
9782747064781
9791036337277
9782747049771
9791036337291
9791036337307
9782747064774
9782747031998
9782747032001
9782747032551
9782747032568
9782747032612
9782747049726
9782747049733
9782747049740
9782747049757
9782747049764
9782211208574
9782211219563
9782203241565
9782700278408
9782700278378
9782700278422
9782700278415
9782700255331
9782700275636
9782700272789
9782700275650
9782700255348
9782700275643
9782010009143
9782745936325
9782210977723
9782211062961
9782377316564
9791040806394
9782211314299
9782408008062
9782383020684
9791030801491
9782092591574
9782226192097
9782226247209
9782226471352
9782070612666
9782013225731
9782013224536
9782013224277
9782013224321
9782013224055
9782266086165
9782745912480
9782745912497
9782745912510
9782330130404
9782350878737
9782070538874
9782736647476
9782736647483
9782736647643
9782736647728
9782889085644
9791036344152
9791036304330
9791036304439
9791036309625
9791036382567
9791036304460
9791036304330
9791036314599
9791036304446
9791036357145
9791036316449
9782747081344
9791036377525
9791036304408
9782747044110
9782747044110
9782747045872
9782747039086
9782747039086
9791036309632
9791036304279
9791036332814
9791036344084
9791036344213
9791036303906
9791036316463
9791036313424
9791036329302
9791036313394
9782492395017
9782211226028
9782745934222
9782211076067
9782211331845
9782211321174
9782211313155
9782226491701
9782895123262
9782745932648
9782841139538
9782013224093
9782080233622
9782330180928
9782012003491
9782890516472
9782226475107
9782487020634
9782377420124
9782211214032
9782211209519
9782013285155
9782494730038
9782353660247
9782353660087
9782353660094
9782745906045
9782266256841
9782266207942
9782266183840
9782266189347
9791092400175
9782376061083
9782092555705
9782745903921
9782226451095
9782226451095
9782226451088
9782841811380
9782330192358
9791040806417
9782010016158
9782226401496
9782408029944
9782745905680
9782092823545
9782092821992
9782092501269
9782092825921
9782377420322
9782377420506
9782377420018
9782700276725
9782092571248
9782266089982
9782736646479
9782736646462
9782487567023
9782367408736
9782354888817
9782748537413
9782211092746
9782762578904
9782745927880
9782762584714
9782244458151
9782211084925
9782080269720
9782092566244
9782092566220
9782092578018
9782812608575
9782095043988
9782095045913
9782700273854
9782700276398
9782700275490
9782848659633
9782226401502
9782226403612
9782092535943
9782092537145
9782092540824
9782092540831
9791023521337
9791036373381
9782080496850
9782081230286
9782351783740
9782374085883
9782700278286
9782016285732
9782745952783
9782211319812
9782211076913
9782874262272
9782080489241
9782700233728
9782745904744
9782874262760
9782266329767
9782266329774
9782036071711
9782745929945
9782745929921
9782745929907
9782745929914
9782745929938
9782092564592
9782092566282
9782092566329
9782092566305
9782092566268
9782092590485
9782092593400
9782210977662
9782210977570
9782211305259
9782350002996
9791023516609

9782354887674
9782010009136
9782844555335
9782745952837
9782211237246
9782092564356
9782745913630
9782745906038
9782745953902
9782745953919
9782745953926
9782700227307
9782745908735
9782745902528
9782732494999
9782013229104
9782010009242
9782745906021
9782211084765
9782818994061
9782912084644
9782915569964
9782915569049
9782211331401
9782912084781
9782700255386
9782700255409
9782700255393
9782211339889
9782211350068
9782408050924
9782374081175
9782266284752
9782266284745
9782266086448
9782017080091
9782075085359
9782070601585
9782070333615
5782245129290
9782203129290
9782070601615
9782070612642
9782070576968
9782075097109
9782747018975
9782226508263
9782812622236
9782070573189
9782070552672
9782070553396
9782700230703
9782740409831
9782700226997
9782330132125
9782747063388
9782747063395
9782882583833
9782352894148
9782080272966
9782377317226
9782867267208
9782070535682
9782080205957
9782210977563
9782210977396
9782210977693
9782745990860
9782075213912
9782075213912
9782080430182
9791040803508
9782211085441
9782246452416
9782081394247
9782211074858
9782367408323
9782081211025
9782211319386
9782211235624
9782211231008
9782211067287
9782367346540
9782081634862
9782081205772
9782081210899
9782081219786
9782081631793
9782081243330
9782081247437
9782081344556
9782081228498
9782081230392
9782211083317
9782354323394
9791032102176
9782330202170
9782700286175
9782736647773
9782745902535
9782330196042
9782218030406
9782352840466
9782895122371
9782081240889
9782075130493
9782919934775
9782812625350
9782330211622
9782700279658
9782700276749
9782700279672
9782075228794
9782211308359
9782211344654
9782748505603
9782211066259
9782211234795
9782211239240
9782211212137
9782211042871
9782377424023
9782377424252
9782226502421
9782377422999
9782377423590
9782700232301
9782070634378
9782700233131
9782700223941
9782700227710
9782700226935
9782812621444
9782841139873
9782745906823
9782080440297
9782376061106
9782748538786
9782092823637
9782095044152
9782081494428
9782203162891
9782203163751
9782203157477
9782203124813
9782075092661
9782010009204
9782210974722
9782915732214
9782075166164
9782075097390
9782075134545
9782075136839
9782075136884
9782081450042
9782081450028
9782081494435
9782081492561
9782081450035
9782915732214
9782081389519
9782377314706
9782368562666
9782266261036
9782266261043
9782374086217
9782374086033
9782700286434
9782700229219
9782700229134
9782700229202
9782841139194
9782745900326
9782747068635
9782747080996
9782747082969
9782747099417
9791036317231
9791036338120
9791036317248
9782211096621
9782092501276
9782812612220
9782812604331
9782841563890
9782812614453
9782812624971
9791035201364
9782812619168
9782211220781
9782211310574
9782211310574
9782211307819
9782211324601
9782211239431
9782211217453
9782211216067
9782211230889
9782211124546
9782211319744
9782211317450
9782211223652
9782211328234
9782211315845
9782211304528
9782748537055
9782354888909
9782354889234
9782081242005
9791036329050
9782211081184
9782210980952
9782070334353
9782352903628
9782913647640
9782070576128
9782211350921
9782266100380
9782081308138
9782383494553
9782868939104
9782075206907
9782377421503
9782016285589
9782017166320
9782352840435
9782352840435
9782075168540
9782377420148
9782012047600
9782226443960
9782226443977
9782226444066
9782226453037
9782226315717
9782226328472
9782226397812
9782226399571
9782226443779
9782226443786
9782226443793
9791091081429
9782354889937
9782211048996
9782700228113
9782700225938
9782700223712
9791040803867
9791040807919
9782266267632
9782070695164
9782070659609
9782070588466
9782070645855
9782266329996
9782075106849
9782809649444
9782374086583
9782748502152
9782818983522
9782818975817
9782211206150
9782733868706
9782070513300
9782742740007
9782211089777
9782744168726
9782081620286
9782081620146
9782070626489
9782203130474
9782092112201
9782748503856
9782330063955
978274591250x
9782226315755
9782226440877
9782226394293
9782226314208
9782211098052
9782226394347
9782745911728
9782745913697
9782745916408
9782081643017
9782818994115
9782818994122
9782021101621
9782226453228
9782244458180
9782211056144
9782215053873
9782215053880
9782845261365
9782350243177
9782215053240
9782211207935
9782215051396
9782917204474
9782748514827
9782917204481
9782700235494
9782919934768
9782700229169
9782744166545
9782700235463

