9782505081012
9782373493269
9782373497083
9782373492651
9791032708248
9791032711149
9782344060087
9782344057025
9782344057018
9782344056950
9782344007440
9782344007457
9782344007464
9782344012796
9782344012802
9782344012819
9782344036273
9782344040393
9782344042984
9782344045381
9782344047057
9791032712160
9791032713112
1721037706299
9791032706558
9791032706848
9791032710975
9791032711705
9782505081029
9782505081036
9782505081043
9782505081050
9782505081067
9782505081074
9782505081081
9782372870436
9782372870610
9782372870757
9782372871198
9782372871808
9782372872409
9782372872843
9782372873390
9782372875424
9782372875721
9782344030202
9782344032923
9782344037539
9782344041598
9782344045640
9782344053102
9782344057209
9782344061497
9782344068045
9782811611699
9782811611705
9782811612207
9782811612818
9782811613297
9782811613860
9782811614355
9782811615154
9782811615628
9782811615994
9782811617240
9782811618360
9782811618803
9782811618810
9782811620943
9782811620950
9782811620967
9782811625948
9782811625955
9782811632458
9782811633325
9782811634841
9782811636494
9782811639907
0833523331
9782811644574
9782811646394
9782811648763
9782811650520
9782811653217
9782811661731
9782811664022
9782811616076
9782811616472
9782811618155
9782811625764
9782811625498
9782811621285
9782811668563
9782505064596
9782505064602
9782505066361
9782494400276
9782373499254
9782302096516
9782302097889
9782302097896
9782302097902
9782302099937
9782809495676
9782809495683
9782809497137
9782809498561
9782809498967
9791039102230
9791039103992
9791039106573
9791039107266
9791039110419
9791032708484
9791032710005
9791032710081
9791032710180
9791032710418
9782344058299
9782344058367
9782344058626
9782344058633
9782344058985
9782344058992
9791032703786
9791032703977
9791032704127
9791032704264
9791032705865
9791032706268
9791032706411
9791032706572
9791032706732
9791032707494
9791032707692
9791032708002
9791032708224
9791032708286
9791032710296
9791032710791
9791032711132
9782344020685
9782723448147
9782723449021
9782723449038
9782723449045
9782723449052
9782723450973
9782723450980
9782723450997
9782723451000
9782723451017
9782723451024
9782723454124
9782723454377
9782723454384
9782505110002
9782505110019
9782505110026
9782505112259
9782505112266
9782505120308
9782505125075
9782505125105
9782505125129
9782505125136
9782505142096
9782344044865
9782353481019
9782353481231
9782353481248
9782353481439
9782203251656
9782203272781
9782203281653
9782203290990
9782364811478
9782379503658
9782818997635
9791041100590
9791041100590
9791041110711
9782302093348
9782820346049
9782820346186
9782820346315
9782820346476
9782820346582
9782820347893
9782820350220
9782820348487
9782820348647
9782820348838
9782820348999
9782820351685
9782820351692
9782820351708
9782820351715
9782820351722
9782820351739
9782505113799
9782505114932
9782505119197
9782505120193
9782505120209
9782505126140
9782505126157
9791032717028
9782382812013
9782382812358
9782382813652
9782382818893
9782382814086
9782382819494
9782382816110
9782382817490
9782382814550
9791032717035
9791032717042
9782505065494
9782505066682
9782505067856
9782505067863
9782505069201
9791043303708
9791043303739
9782355920851
9782355921100
9782355921285
9782355921681
9791032716991
9791032717004
9782369748182
9782369748199
9782369748205
9782369748694
9782382120019
9782382120323
9782382120545
9782382122143
9782382122334
9791032713457
9791032713846
9791032718032
9791032716632
9791032716649
9791032719442
9791032719794
9791032724545
9791032704738
9791032704806
9791032704981
9791032711248
9791032713051
9782382811412
9782382811917
9782382810156
9782382810491
9782382810200
9782382811719
9782382812150
9782382812105
9782382817445
9782372876827
9782372871976
9782355926716
9782355926976
9782355927393
9782413048176
9782413048183
9782413078678
9782413080633
9782413080640
9782413080657
9782413086772
9782379507366
9782379509261
9782723463409
9782723463416
9782723464802
9782723464819
9782723464826
9782723466530
9782723466547
9782723466554
9782723466561
9782723466578
9782723466585
9782723474368
9782723474375
9782723474382
9782723474399
9782723474405
9782723481076
9782723481083
9782723481090
9782723481663
9782723481670
9782723486392
9782723486408
9782723486415
9782723486422
9782723492614
9782723492621
9782723492638
9782723493888
9782723493895
9782723493901
9782723493918
9782723499125
9782344000755
9782344003329
9782344003336
9782344003343
9782344009116
9782344009109
9782344009123
9782344011874
9782344013151
9782344013144
9782344013137
9791032706121
9791032706503
9791032707500
9791042014926
9791042014957
9791042015060
9791042015114
9782203296572
9791032704929
9782203245532
9782203257788
9782203373525
9782203373549
9782203373563
9782203373570
9782203373594
9782203373600
9782203373617
9782203372436
9782203373532
9782203373556
9782203373587
9782203373624
9782203373631
9782203373648
9782203373891
9782203373921
9782203003194
9782203017931
9782203022317
9782203028852
9782203003187
9782203005952
9782203034365
9782203043169
9782203050648
9782203050655
9782203062085
9782203062092
9782380714791
9782380714807
9782380714814
9791042013950
9791042014407
9782820335630
9782820335630
9782820335746
9782820338051
9782820338228
9782820338402
9782820340603
9782820340795
9782820341082
9782368525517
9782368525524
9782368525531
9782368525548
9782368527337
9782368527535
9782368527542
9782368529096
9782368529102
9782368529119
9782368529126
9782380711219
9782380711226
9782380712599
9782380712827
9782380712834
9782380712841
9782380714777
9782380714999
9782380715309
9782380715477
9791042013974
9791042014155
9791042014506
9791042018566
9782353482788
9782353482795
9782353483334
9782353483525
9782353483570
9782353483662
9782353483877
9782353484003
9782353484133
9782302093331
9782383163145
9782344070093
9782344070109
9782382124109
9782382124376
9782382124796
9782382124918
9791032701669
9791032701676
9791032702482
9791032703052
9791032703397
9791032706640
9791032717400
9791032724682
9782386706707
9782386706714
9782382126134
9782382814901
9791032706688
9791032705544
9791032705537
9791032706077
9791032706343
9791032706565
9791032706671
9791032707517
9791032707630
9791032707821
9791032707852
9791032707883
9791032707906
9791032710944
9791032711194
9791032711408
9791032711811
9791032711996
9791032712696
9791032712993
9791032713433
9791032713631
9791032716205
9791032716229
9791032716243
9791032716267
9791032719565
9791032718056
9791032718063
9791032718094
9791032718117
9791032718131
9791032719183
9791032721391
9791032720479
9791032724637
9791032724323
9782344033708
9782344033715
9782344033722
9782344035245
9782344035252
9782344035269
9782492926594
9791032704684
9791032704936
9791032706602
9791032708125
9791032711880
9791032719497
9791032724187
9782413015956
9782413019596
9782413019602
9782413022404
9782413041207
9782413027751
9782413028536
9782413042365
9782383164500
9782383163343
9782369741541
9782369741640
9782369741855
9782369742432
9782369748540
9782369748687
9791032711828
9782505070733
9782505070740
9782505071990
9782505073352
9782505073369
9782505076414
9782505112099
9782505115212
9782505116004
9782505120575
9782505120582
9782505123309
9782505126126
9782505126133
9782368526736
9782368527238
9782368527382
9782368527450
9782368528396
9782368528693
9782368529508
9782368529515
9782368529522
9782368529539
9782380711233
9782380711240
9782380711257
9782380713039
9782380713046
9782380713053
9782380715330
9791042013936
9791042014094
9791042014421
9791042014742
9791042018900
9791042018917
9791042018924
9791042018931
9791042021603
9782203114791
9782344062210
9782344046029
9791032713136
9791032713211
9791032713396
9791032713563
9791032715987
9791032716007
9791042020903
9791042022006
9782368525425
9782368526965
9782368528686
9782368529546
9782380711318
9782380713114
9782380715545
9782369747673
9782382124086
9782382124277
9791032701263
9791032700679
9791032701379
9791032702628
9791032703830
9791032704950
9791032705858
9791032706756
9791032710289
9782889326815
9791032718193
9791032718209
9782355928222
9782355928390
9782355928659
9782355929083
9782355929328
9782355928116
9782355928277
9782355928802
9782380231007
9782380230901
9782380230918
9782380230925
9782302013469
9782344050989
9782344050996
9782344051009
9782344051016
9782344054185
9782344054192
9782344054208
9782344054215
9782344055397
9782344056127
9782344057032
9782344057636
9782344058923
9782344065952
9782811698805
9782811698812
9791043303647
9791043303661
9782811685669
9782811685713
9782811698157
9782811698782
9782811698799
9782368524381
9782368524398
9782368524404
9782380713787
9782368526385
9782382120620
9782505143567
9782505129035
9782505129028
9782413079569
9791039117029
9791039120418
9791039126373
9782505061076
9782810209651
9782344061190
9782344061206
9782344035290
9782344035306
9782344035313
9782344035320
9782344035337
9782344040331
9782344040348
9782344040355
9782344040362
9782344040379
9782344040577
9782344040584
9782344041611
9782344043325
9782344043332
9782344045435
9782344049273
9782344049280
9782344049297
9782344049303
9782344050118
9782344053720
9782344053737
9782344053744
9782344054734
9782344054741
9782344055915
9782344056622
9782344057315
9782344058671
9782344059548
9782353481996
9782353481903
9782353482009
9782353482092
9782353482191
9782353482313
9782353482467
9782353482542
9782353482573
9782368526910
9782368526927
9782368529805
9782368529812
9782382880395
9782382880401
9782490676200
9782490676217
9782383160113
9782351423578
9782351423585
9782351423592
9782351425114
9782353482870
9791039118064
9791032707791
9782203193291
9791032706633
9782353483051
9782353483761
9782353483853
9782353484171
9782302059863
9782351423554
9782351423561
9782373498097
9782373498110
9782344009246
9782344018514
9782382018514
9782344018514
9791040804444
9782749950617
9782749950600
9782749950921
9782749950938
9782749950945
9782811643348
9782811661427
9782811668600
9782811643348
9782811661427
9782811668600
9782811661434
9782811665364
9782811664848
9782811668594
9782811672171
9782375064016
9782344061701
9782344061718
9791043306396
9782385692612
9782385314408
9782203003385
9782344012406
9782344012413
9782344012420
9782344012437
9782344012444
9782344012451
9782017885580
9782017276234
9782017276241
9782017276258
9782017276265
9782353483044
9782353483037
9782353483020
