9782302020092
9782302030954
9782302073111
9791034770373
9782302093775
9782302100503
9782302100510
9782803626946
9782803626311
9782803626304
9782369812050
9782369810155
9782369816164
9782810204755
9782810204700
9782369814184
9782369810308
9782369811879
9782810208241
9782889323531
9782889330867
9791034762958
9782800140186
9782800132471
9782800151946
9782800119908
9791034754434
9782800156095
9791034762170
9791036326547
9782344019368
9782723461290
9782723464598
9782723471374
9782723487412
9782723492034
9791036325397
9791036332111
9791036353116
9791036362712
9782745937339
9782745922281
9782745918222
9782745937346
9782745915207
9782075207652
9782075206242
9782369813767
9782369813712
9782369813736
9782383871323
9782383871019
9782383870432
9782901000723
9782901000440
9791034762651
9791034754205
9791034763009
9782016284032
9782017044772
9782014018134
9782017168652
9782203245587
9782203248168
9782203235502
9782203280786
9782203064348
9782075141895
9782075122795
9782070669004
9782070668991
9782203315044
9782203315341
9782203315310
9782203315259
9782203315242
9782818975473
9782818979143
9782818944196
9782749310169
9782749309880
9782749309491
9782749310367
9782749309958
9782749309569
9782749308241
9791034752713
9782203312197
9782203312104
9782203312234
9782203312265
9791034752713
9791034764501
9791034762767
9782205050134
9782205050110
9782413046219
9782413002819
9782413040989
9782413011217
9782353259847
9791034733019
9791034768738
9782808503419
9791034762729
9791034748075
9782344059791
9782344051757
9782344047972
9782205076622
9782205072709
9782205206449
9782205206432
9782205079234
9782205069501
9782205211702
9782205212105
9791041102136
9782818997468
9782864976165
9782017253709
9782864973461
9782864970118
9782864973492
9782864973270
9782864971702
9782012100121
9782864970965
9782864975960
9782864976011
9782747030694
9782747037822
9782747049597
9782747052993
9791036312748
9791036328886
9791036358883
9782822246439
9782357992030
9782369819004
9782369818991
9782369813798
9782369811831
9782800174259
9791034754311
9791034747665
9782818940815
9782385611187
9782385610180
9782385610708
9782385610951
9791036367007
9791036369629
9791036372582
9782818941669
9782369811404
9782369811688
9782369812708
9782369813002
9782810201686
9782369812326
9782017252412
9782017044697
9782017252665
9782017252559
9782016284001
9782344024096
9782344016459
9782344034231
9782344042175
9782408041984
9782408040499
9782075084857
9782075084376
9782897518721
9782897517472
9782897515799
9782897518769
9782897518806
9782897515713
9791034753031
9791034731459
9791034747870
9791034736904
9791034736904
9782749309583
9782749309460
9782344032695
9782870970669
9782870971826
9782870971840
9782870972922
9782870972854
9782870971772
9782870972441
9782870972816
9782017044659
9782016284186
9782017044710
9782756013268
9782745934154
9782745939326
9782747059268
9791036304750
9791036333101
9782344051733
9782344056424
9782344061329
9782344067710
9782808502641
9791034767229
9791034757749
9782800173993
9791034736119
9782505134404
9782800130057
9782505016304
9782205203080
9782505012924
9782505012931
9782505084846
9782822239950
9782822239936
9782822241687
9782822241007
9782822239851
9782302102538
9782302096363
9782302104440
9782756095127
9782205086638
9782205202168
9782375782842
9782375783368
9782413080763
9782840551973
9782840553137
9782413016885
9782840552499
9782413037668
9782840557340
9782413047117
9782840557333
9782756005966
9782413089445
9782818931066
9782818922040
9791041106264
9782818945292
9782818933428
9782818931066
9782818966822
9782818940679
9782808214933
9782808212496
9782808213080
9782808214940
9782803672493
9782803677146
9782803625543
9782803619498
9782803617869
9782803670505
9782803621804
9782803622948
9782803634477
9782803635443
9791040807063
9791040807056
9782369816614
9782369814511
9782810204786
9782840555247
9782840552734
9782840554523
9782822244107
9782822239301
9782505124900
9782505113980
9782505087137
9782505067726
9782505066118
9782505075301
9782505071402
9782505083290
9782747049627
9782747059237
9791036372247
9791036333125
9782747035415
9782747046237
9782747085946
9782747072397
9791036325489
9782808503334
9782803680276
9782803614066
9782803618866
9782808202053
9782357961364
9782822237864
9782822239233
9782756010687
9782756005317
9782808505208
9782808504300
9782808504317
9791034770205
9791034770199
9782203046931
9782203026094
9782203132450
9782203170520
9782203172463
9782203276550
9782203090125
9782203064836
9782203064850
9782203172487
9791033513438
9791033511472
9782385610999
9782203224278
9782203222779
9782203224285
9782203102835
9782203159273
9782203159266
9782205069488
9782298008029
9782382330050
9782382333105
9791036325441
9791036325502
9791036314872
9791036326738
9791036333095
9782723490474
9782723490566
9782723483179
9782344009574
9782723484220
9782723484213
9782723499958
9782723496230
9782344006269
9782344002407
9782344067499
9782344061992
9782344056066
9782344061749
9782803630523
9791034730742
9782800126944
9782912536310
9791034730797
9782731618099
9782731621990
9782731622409
9782731623307
9782205059687
9782205062946
9782205072303
9782205071528
9782205069228
9782205089806
9782205070309
9782205213225
9782205066906
9782205066623
9782205066371
9782205066630
9782840556619
9782840555049
9782840558767
9791034736928
9791034768714
9791034754427
9782800173290
9782800168753
9782800170480
9791034731435
9782800170176
9791034749072
9791034732104
9782808505130
9782302091092
9782302104563
9782302095328
9782302090507
9782302081710
9782302071414
9782302068476
9782302064959
9782302104617
9782723460767
9782723441971
9782723431415
9782344002735
9782723434263
9782723451970
9782723482967
9782723471657
9782723427593
9782487663190
9782487663138
9791036363177
9791036339356
9782818944899
9782818905753
9782912715012
9782818920664
9782912715890
9782818936009
9782847895025
9782756006574
9782847899320
9782756024905
9782822213646
9782822222297
9782822225892
9782822208147
9782808210928
9782808210003
9782808205009
9782808202626
9782808214346
9782377313075
9791040802693
9782377314430
9782377313891
9782723494472
9791036352577
9782747072410
9782747085991
9782747055499
9782747049689
9791036378508
9791036353178
9791036333187
9791036325779
9782205055689

