9782413078623
9782413078616
9782811696733
9782811693893
9782352634829
9782075083546
9782747052283
9782408029685
9782075226035
9782211214445
9782211213646
9782377311804
9791036356872
9782070643035
9791023521689
9791036318870
9782330165895
9782070651863
9782070695249
9782385701253
9782841139149
9782745916907
9782211322096
9782895407065
9782401092426
9782897148423
9782330106614
9782732453507
9782211315678
9782841565344
9782877675406
9782211204132
9782877675260
9782877679190
9782226443410
9782075189873
9782371000568
9782278131068
9782800173993
9791034736119
9782505134404
9782800130071
9782723499798
9782723499811
9782818941492
9782733868645
9782733872093
9782733841969
9782092546642
9782092535011
9789055795789
9791096688364
9782013906357
9782075135658
